theta0=8499.599650
theta1=-0.021449